0.8148	0	1.32E-06	9.93E-08
0.8401	0	2.12E-06	1.59E-07
0.8647	0	3.57E-06	2.68E-07
0.8900	0	5.38E-06	4.04E-07
0.9143	0	8.62E-06	6.46E-07
0.9400	0	1.28E-05	9.59E-07
0.9651	0	1.94E-05	1.45E-06
0.9651	0	2.01E-05	1.51E-06
0.9903	0	3.05E-05	2.28E-06
1.0479	0	6.00E-04	4.50E-05
1.1027	0	8.27E-05	6.20E-06
1.1243	0	1.02E-04	7.63E-06
1.1458	0	1.22E-04	9.12E-06
1.1677	0	1.48E-04	1.11E-05
1.1894	0	1.64E-04	1.23E-05
1.2004	0	1.65E-04	1.24E-05
1.1028	7.5	8.40E-05	6.30E-06
1.1243	7.5	9.68E-05	7.26E-06
1.1459	7.5	1.14E-04	8.54E-06
1.1676	7.5	1.34E-04	1.00E-05
1.1895	7.5	1.46E-04	1.09E-05
1.2004	7.5	1.53E-04	1.15E-05
0.8148	15	1.32E-06	9.88E-08
0.8401	15	2.22E-06	1.66E-07
0.8647	15	3.17E-06	2.38E-07
0.8900	15	5.06E-06	3.80E-07
0.9143	15	7.44E-06	5.58E-07
0.9400	15	1.18E-05	8.84E-07
0.9651	15	1.90E-05	1.42E-06
0.9651	15	1.86E-05	1.39E-06
0.9903	15	2.73E-05	2.05E-06
1.0479	15	4.63E-04	3.48E-05
1.1027	15	7.30E-05	5.47E-06
1.1243	15	8.68E-05	6.51E-06
1.1458	15	1.07E-04	8.03E-06
1.1677	15	1.21E-04	9.06E-06
1.1894	15	1.36E-04	1.02E-05
1.2004	15	1.44E-04	1.08E-05
1.1028	22.5	6.89E-05	5.17E-06
1.1243	22.5	8.15E-05	6.11E-06
1.1459	22.5	1.03E-04	7.69E-06
1.1676	22.5	1.18E-04	8.85E-06
1.1895	22.5	1.25E-04	9.36E-06
1.2004	22.5	1.35E-04	1.01E-05
0.8148	30	1.17E-06	8.79E-08
0.8401	30	1.84E-06	1.38E-07
0.8647	30	2.97E-06	2.23E-07
0.8900	30	4.60E-06	3.45E-07
0.9143	30	6.85E-06	5.14E-07
0.9400	30	1.15E-05	8.61E-07
0.9651	30	1.45E-05	1.09E-06
0.9651	30	1.65E-05	1.24E-06
0.9903	30	2.41E-05	1.81E-06
1.0479	30	3.16E-04	2.37E-05
1.1027	30	6.86E-05	5.15E-06
1.1243	30	7.87E-05	5.90E-06
1.1458	30	1.01E-04	7.55E-06
1.1677	30	1.15E-04	8.64E-06
1.1894	30	1.28E-04	9.63E-06
1.2004	30	1.26E-04	9.46E-06
1.1028	37.5	6.34E-05	4.76E-06
1.1243	37.5	7.75E-05	5.81E-06
1.1459	37.5	9.97E-05	7.48E-06
1.1676	37.5	1.02E-04	7.67E-06
1.1895	37.5	1.22E-04	9.12E-06
1.2004	37.5	1.22E-04	9.13E-06
0.8148	45	9.32E-07	6.99E-08
0.8401	45	1.74E-06	1.31E-07
0.8647	45	2.69E-06	2.01E-07
0.8900	45	3.82E-06	2.87E-07
0.9143	45	6.16E-06	4.62E-07
0.9400	45	9.13E-06	6.85E-07
0.9651	45	1.29E-05	9.66E-07
0.9651	45	1.51E-05	1.13E-06
0.9903	45	2.09E-05	1.56E-06
1.0479	45	1.92E-04	1.44E-05
1.1027	45	6.45E-05	4.84E-06
1.1243	45	7.47E-05	5.60E-06
1.1458	45	8.65E-05	6.49E-06
1.1677	45	1.02E-04	7.62E-06
1.1894	45	1.14E-04	8.54E-06
1.2004	45	1.18E-04	8.86E-06
1.1028	52.5	5.61E-05	4.21E-06
1.1243	52.5	7.33E-05	5.50E-06
1.1459	52.5	8.01E-05	6.01E-06
1.1676	52.5	9.48E-05	7.11E-06
1.1895	52.5	1.10E-04	8.25E-06
1.2004	52.5	1.11E-04	8.32E-06
0.8148	75	7.42E-07	5.57E-08
0.8401	75	1.15E-06	8.65E-08
0.8647	75	1.79E-06	1.34E-07
0.8900	75	2.66E-06	2.00E-07
0.9143	75	4.44E-06	3.33E-07
0.9400	75	6.22E-06	4.67E-07
0.9651	75	9.51E-06	7.14E-07
0.9651	75	9.89E-06	7.42E-07
0.9903	75	1.26E-05	9.48E-07
1.0479	75	1.36E-04	1.02E-05
1.1027	75	4.70E-05	3.52E-06
1.1243	75	5.67E-05	4.25E-06
1.1458	75	6.80E-05	5.10E-06
1.1677	75	7.86E-05	5.90E-06
1.1894	75	8.46E-05	6.35E-06
1.2004	75	8.72E-05	6.54E-06
1.1028	82.5	4.19E-05	3.14E-06
1.1243	82.5	5.51E-05	4.13E-06
1.1459	82.5	6.07E-05	4.55E-06
1.1676	82.5	6.49E-05	4.87E-06
1.1895	82.5	7.32E-05	5.49E-06
1.2004	82.5	7.58E-05	5.68E-06
0.8148	90	6.35E-07	4.76E-08
0.8401	90	9.09E-07	6.82E-08
0.8647	90	1.51E-06	1.13E-07
0.8900	90	1.97E-06	1.48E-07
0.9143	90	3.08E-06	2.31E-07
0.9400	90	4.82E-06	3.62E-07
0.9651	90	6.75E-06	5.06E-07
0.9651	90	7.10E-06	5.32E-07
0.9903	90	9.31E-06	6.98E-07
1.0479	90	1.21E-04	9.06E-06
1.1027	90	3.82E-05	2.86E-06
1.1243	90	4.08E-05	3.06E-06
1.1458	90	5.00E-05	3.75E-06
1.1677	90	5.35E-05	4.01E-06
1.1894	90	5.72E-05	4.29E-06
1.2004	90	5.72E-05	4.29E-06
1.1028	97.5	4.43E-05	3.32E-06
1.1243	97.5	4.75E-05	3.56E-06
1.1459	97.5	5.33E-05	4.00E-06
1.1676	97.5	5.64E-05	4.23E-06
1.1895	97.5	6.15E-05	4.61E-06
1.2004	97.5	6.62E-05	4.96E-06
0.8148	105	5.63E-07	4.22E-08
0.8401	105	9.52E-07	7.14E-08
0.8647	105	1.46E-06	1.09E-07
0.8900	105	2.32E-06	1.74E-07
0.9143	105	3.14E-06	2.35E-07
0.9400	105	4.88E-06	3.66E-07
0.9651	105	6.79E-06	5.10E-07
0.9651	105	6.80E-06	5.10E-07
0.9903	105	9.30E-06	6.98E-07
1.0479	105	1.12E-04	8.38E-06
1.1027	105	3.44E-05	2.58E-06
1.1243	105	4.03E-05	3.02E-06
1.1458	105	4.54E-05	3.40E-06
1.1677	105	4.79E-05	3.59E-06
1.1894	105	5.37E-05	4.03E-06
1.2004	105	5.72E-05	4.29E-06
1.1028	112.5	3.72E-05	2.79E-06
1.1243	112.5	4.10E-05	3.08E-06
1.1459	112.5	4.54E-05	3.40E-06
1.1676	112.5	4.67E-05	3.50E-06
1.1895	112.5	4.85E-05	3.64E-06
1.2004	112.5	5.01E-05	3.76E-06
0.8148	127.5	7.90E-07	5.93E-08
0.8401	127.5	1.22E-06	9.13E-08
0.8647	127.5	1.87E-06	1.40E-07
0.8900	127.5	2.72E-06	2.04E-07
0.9143	127.5	3.81E-06	2.86E-07
0.9400	127.5	5.78E-06	4.34E-07
0.9651	127.5	7.56E-06	5.67E-07
0.9651	127.5	7.65E-06	5.74E-07
0.9903	127.5	1.06E-05	7.91E-07
1.0479	127.5	1.34E-04	1.00E-05
1.1027	127.5	4.62E-05	3.47E-06
1.1243	127.5	5.12E-05	3.84E-06
1.1458	127.5	5.43E-05	4.07E-06
1.1677	127.5	5.71E-05	4.29E-06
1.1894	127.5	5.80E-05	4.35E-06
1.2004	127.5	6.21E-05	4.66E-06
1.1028	135	5.24E-05	3.93E-06
1.1243	135	5.62E-05	4.21E-06
1.1459	135	6.19E-05	4.64E-06
1.1676	135	6.22E-05	4.67E-06
1.1895	135	6.88E-05	5.16E-06
1.2004	135	7.01E-05	5.26E-06
